,Pregnancies,Glucose,BloodPressure,SkinThickness,Insulin,BMI,DiabetesPedigreeFunction,Age,Outcome
0,4,151,78,10,65,36.28034334406877,0.6646648326083926,45,1
1,4,104,101,24,29,37.394831298388,0.078,27,0
2,3,109,93,36,265,21.72564732783924,0.3480093846690145,31,1
3,5,86,47,12,108,25.372656563174964,0.7633151330930652,22,1
4,1,101,26,32,68,32.259079800105525,0.32564790796258175,29,0
5,3,116,67,31,131,33.83618932262544,0.7073905099851905,24,0
6,0,109,80,13,62,20.3901935834796,0.078,45,0
7,7,177,79,22,50,35.35181726081514,0.7722112069171239,58,1
8,3,95,75,23,0,34.827626500287494,0.078,26,0
9,1,107,53,27,119,23.424466327718186,1.010894475644079,21,0
10,2,131,94,0,0,31.742285681661944,0.36816620880506556,36,0
11,9,101,80,5,0,32.7266385751271,0.8563308849368608,51,0
12,7,77,115,18,0,37.93336900001687,0.4477918789062636,55,0
13,0,79,36,0,0,25.36944308571875,0.11496559847197368,49,1
14,1,99,57,26,64,40.457622618959455,1.4362734384158153,36,0
15,7,83,65,23,0,22.090303115412375,0.078,26,0
16,6,148,43,19,48,24.79684206915732,0.9317005332208654,27,1
17,5,107,97,0,0,23.57398890551086,0.47617269334728907,29,0
18,0,110,62,7,0,24.652765756242704,0.9469944230429975,30,0
19,4,136,94,37,114,42.92568843312982,1.3533920285169967,49,1
20,9,199,74,43,242,37.02550153454902,0.9276852147889891,47,1
21,2,135,54,26,13,27.5553265004171,1.1939058906948983,24,1
22,0,97,8,12,15,13.987727303708837,0.6469973860295682,21,1
23,5,132,93,6,176,28.512374879420626,1.1401803679321834,55,1
24,7,119,80,36,90,32.654033161794466,0.12016296803099247,36,1
25,10,100,56,0,0,26.140691314539538,0.3661961785082308,46,1
26,0,58,31,45,246,30.698654471173548,0.48303976450616887,21,0
27,1,109,82,24,0,52.785130235250456,0.5659200585413646,28,0
28,4,132,76,37,97,28.56493517455041,0.8571551048520123,46,1
29,9,161,84,33,165,46.57599206598483,0.23949316574668197,29,0
30,0,102,59,17,7,32.443606249427226,0.4501368253086941,21,0
31,6,149,38,17,32,19.026645209465894,0.3974265806641115,37,1
32,6,137,54,18,92,36.757476331373475,0.7723198329168954,39,1
33,3,139,83,0,117,31.863084765949537,0.356829173912655,40,1
34,4,117,63,21,70,34.427350003420706,0.5339051390631124,27,0
35,6,176,66,16,135,28.631550856599322,1.1185195017934686,37,1
36,0,119,28,12,217,12.1982728097081,0.4381518743570503,21,0
37,5,110,37,6,75,21.040318802092536,0.6536904170568596,29,0
38,6,101,61,19,0,37.02694382020796,0.44123891469839704,48,0
39,5,195,110,21,97,33.23527152474813,0.4935302455753961,62,1
40,5,99,37,1,0,26.37335435594454,0.45076210426392543,33,1
41,3,125,58,45,0,30.6154550333808,0.6886436373004885,31,0
42,3,116,85,45,127,42.413340641317546,0.31796804336139917,25,0
43,4,124,80,42,119,29.47528994270798,0.5161325996438245,26,0
44,2,199,113,18,138,33.5366494473227,0.828627523137048,44,1
45,0,104,77,22,166,18.37103550291888,0.2750869641514707,30,0
46,7,87,54,23,175,38.416590359362544,0.21135722879694752,24,0
47,0,106,80,44,67,20.21209503868174,0.078,21,0
48,3,182,83,28,233,49.36683896831296,0.6610542387052734,38,1
49,7,131,93,0,0,39.258803902131184,0.852326732493647,29,1
50,3,140,94,19,132,28.910620510813132,0.2975541237412964,26,0
51,17,86,27,13,0,20.918639173427167,0.7895663966111576,59,1
52,0,95,69,12,0,31.26443347408307,0.6219723296189743,26,0
53,0,79,100,21,0,32.789272359515394,0.6562523629036249,25,0
54,3,101,97,37,144,45.998985048757675,0.46621188735669916,26,1
55,5,150,75,46,215,43.77257890769016,0.5715253195233789,24,1
56,2,135,25,0,0,15.334567053780425,0.3549013034603685,37,0
57,6,134,57,22,127,41.21590533489459,0.5802374781830054,47,1
58,6,84,70,0,54,32.6430648097994,0.078,27,0
59,0,116,72,40,136,38.74325855707638,0.26221004950898863,21,1
60,1,146,88,45,25,50.53529672447003,0.711068040040035,25,1
61,4,91,53,23,56,29.56171992100848,0.24238261931627444,28,0
62,0,141,48,4,82,27.173799384400155,1.0353398037222594,22,0
63,7,158,33,26,123,26.45590660519003,0.43912962423016344,42,0
64,7,78,79,10,39,29.522992468315636,0.17409149090590348,25,0
65,5,109,54,0,45,17.206581590750105,0.9018866090662307,34,1
66,0,150,77,22,48,43.24492367991102,1.0089083948874031,31,0
67,4,97,52,23,71,32.76290071156706,0.8662958054385329,26,0
68,12,113,74,9,59,19.137143204074142,0.078,52,0
69,7,161,122,11,105,52.55668793791597,0.9725857965494742,51,1
70,5,156,60,22,318,28.475670851758643,1.0752545303772991,37,0
71,2,65,77,13,42,25.313300060344517,0.6013519550284481,28,0
72,8,80,85,8,71,25.681713984506416,0.31612367900355676,47,1
73,4,90,79,20,77,32.87849102471326,1.0203217422259414,35,1
74,6,135,70,30,146,35.961704846174285,0.7892824950802395,46,1
75,1,116,58,12,151,30.93063435811593,1.070130102558343,29,0
76,5,154,65,10,38,28.14915219690305,0.4504784781524459,25,0
77,12,126,73,0,0,34.19032183119568,0.078,59,0
78,4,113,39,19,83,26.12264354482701,0.078,39,1
79,3,188,89,7,5,41.82761129300965,0.3279874653486485,34,1
80,3,134,57,24,175,22.03293738528263,0.22250587517662276,50,0
81,0,149,75,35,185,30.02000267168563,0.8838487138607931,21,1
82,11,161,91,41,90,42.727867795115344,0.46185353900157433,60,0
83,3,70,57,25,0,37.753610000915316,0.9528671645630582,24,0
84,6,158,53,52,329,36.78111378821529,0.9195712922846447,43,0
85,2,141,45,8,55,38.78667048241035,0.9894875394547884,36,0
86,7,173,58,19,0,31.85435766832546,0.2874874601461641,56,1
87,6,160,80,44,361,30.78103280443283,1.0039833510105347,44,0
88,4,126,66,35,172,41.983969285196366,0.3370042945045296,41,1
89,0,99,88,17,0,38.7411796454262,0.8170558836319515,34,0
90,8,168,74,41,162,36.36251374572732,0.35259072943129127,24,1
91,8,124,69,46,84,40.408800159116666,0.1184205924126121,41,0
92,1,97,71,18,84,23.578964270741327,0.4924988158377042,21,0
93,5,153,95,31,104,53.60341296838742,0.5248402222083121,42,0
94,0,109,92,50,321,35.25467835095825,0.2570650224104743,37,0
95,10,180,77,28,274,45.682798199878576,0.7448443193385637,45,1
96,0,107,69,21,196,34.57302008850721,0.42022623207759097,21,0
97,1,97,48,33,49,37.7665641079738,0.9767498003814763,21,1
98,7,152,76,27,107,42.306034559934815,0.637177604100642,45,1
99,7,132,122,0,0,38.50303939416976,0.5404846047758882,35,0
100,3,172,75,34,178,41.17229355245303,0.2269352696826262,34,1
101,7,97,77,24,0,33.84417798864328,0.38673989010044174,50,1
102,0,87,29,31,118,29.35865108954653,1.005054408125792,21,1
103,7,123,90,24,161,23.44032181826598,0.1193501426538286,42,0
104,3,84,87,22,5,41.270171303000765,0.3520543042699552,29,0
105,4,67,86,10,10,20.498153479167925,0.6361731692057313,49,0
106,4,69,48,12,0,17.528839853596384,0.6457371708678245,45,0
107,2,109,80,29,183,27.020056165326338,0.28711563052625555,35,0
108,5,131,84,17,222,38.6757704208205,0.3792287766897806,21,1
109,5,93,64,18,89,29.58522812734784,0.18838327598924376,33,0
110,5,144,72,35,51,24.05415356809211,0.4989089853823635,43,0
111,4,144,68,26,47,30.22147031087041,0.48482059450552223,48,1
112,1,193,56,48,283,33.73990480588015,0.5985473390743712,21,1
113,8,161,63,12,11,29.105550009110125,0.078,38,1
114,3,75,64,3,0,19.886174961602908,0.15504963699131025,39,0
115,7,140,69,21,58,33.84295419527489,0.29533172732902524,28,0
116,1,106,48,35,107,43.385711656268306,0.5427161464635997,21,0
117,4,145,88,7,262,49.813756233105394,0.8829821579276868,35,1
118,3,165,79,26,283,40.93921861843661,0.46580297850274555,31,1
119,6,171,75,38,174,41.377197341983006,0.4404863275261915,57,1
120,0,163,82,46,69,41.080147839039235,0.43132283552978024,26,0
121,9,176,63,8,35,26.773972892783444,0.4748792246594691,68,1
122,4,115,104,34,0,47.0361747064899,0.6091336777211189,41,0
123,5,117,81,47,228,24.66991135141169,0.8706081465767894,21,0
124,3,126,69,13,130,35.737366390954655,0.38986333075919366,21,1
125,0,89,93,8,0,34.92584468386066,0.078,21,0
126,9,116,68,0,0,31.467735159392962,0.2310167424699375,41,1
127,0,122,80,24,50,26.630399784346068,0.6891934793659447,23,0
128,2,127,62,8,220,28.425249134294756,0.078,23,0
129,6,49,78,20,0,30.76615529278243,0.12016239920446098,43,0
130,5,141,71,30,227,33.69321174488345,0.4770042305703786,40,1
131,5,125,97,0,6,32.60070208443121,0.41149139963273507,53,1
132,3,123,68,4,49,39.99856573452668,0.09212061499886892,27,1
133,5,126,51,15,77,23.152224836295947,0.6690968263954592,25,1
134,9,198,40,8,245,25.57871417400518,0.9678679425727171,45,1
135,7,107,63,34,10,38.22387207415134,1.1352626717206051,64,0
136,0,148,34,1,9,25.398434014160905,0.22775784992767198,36,0
137,5,181,85,42,193,32.551837227886004,0.7205241102123274,29,1
138,5,195,122,34,247,43.81299804558043,0.20020872250855087,32,1
139,8,108,95,21,34,30.90139945776629,0.46503025067216863,50,0
140,2,138,51,29,122,39.42255971831115,0.7809826225376298,31,1
141,4,118,85,12,6,36.8488405050462,1.0013651088414615,50,1
142,4,136,86,46,147,41.23086755365591,0.078,22,1
143,4,149,74,12,174,39.387482474254355,0.2641925131079341,28,0
144,6,107,83,6,60,33.51106553422877,0.3917536478710486,36,0
145,5,132,85,35,76,34.99034332078342,0.5231124984094597,41,1
146,5,103,59,29,3,30.65140640732089,0.19632695056556015,32,1
147,0,110,76,0,112,27.165372303714996,0.5468510119000829,33,0
148,8,134,59,18,275,29.100512541937793,0.535585899847455,38,0
149,0,71,64,32,42,33.443355748926336,0.7692608028525185,21,0
150,2,137,61,25,121,38.71909693735731,0.4402699672861246,33,0
151,8,106,93,36,113,20.919887993922682,0.2294245360002735,46,0
152,1,29,68,37,0,20.216042016158973,0.5163191607334755,25,0
153,1,94,36,17,0,17.892685835659726,1.135542619244711,21,0
154,2,199,74,29,281,36.56544993020235,0.4534053817327869,40,0
155,4,109,79,34,126,33.71606580959941,1.4267190680818775,25,0
156,3,111,66,38,0,32.653238753687305,0.8427172975425457,29,0
157,3,160,50,18,156,51.9963555295283,0.4729223122116877,45,1
158,2,134,98,6,215,29.397574694821827,0.5329399873130913,39,0
159,10,88,90,26,140,26.981825459457212,0.4108120202068281,32,1
160,4,128,109,34,217,31.195376309011255,0.9520145869275638,30,1
161,4,113,52,13,0,32.29796158702782,0.6397464451921074,21,0
162,4,81,37,40,127,29.299691294787486,0.7402945849536229,40,0
163,7,150,64,22,221,28.578898840083344,0.29943812860732244,49,0
164,5,119,54,0,0,34.99147739542261,0.09705099861773653,21,0
165,3,106,112,31,212,44.24745917633167,0.4627715191667547,27,1
166,8,102,42,0,0,30.662819212887694,1.095498552271123,53,1
167,7,96,45,14,0,19.45419327899137,1.092632321313053,53,0
168,1,99,29,29,155,29.09330938409378,0.5123597662927346,26,0
169,5,137,60,30,238,24.205620671384256,1.118181952997707,45,1
170,3,143,86,21,168,29.089533488256272,0.5619185937091421,43,1
171,5,137,93,44,69,44.708283401503586,0.8871129074805888,52,0
172,4,108,27,25,56,22.713353238834415,0.49568242276460994,24,0
173,0,88,43,33,177,35.241790148787196,1.1926126734258309,21,1
174,4,157,70,15,141,23.683335354742745,0.078,38,1
175,0,170,43,23,200,17.77016776054308,0.7038763102450281,29,1
176,10,65,55,7,140,28.386339616778535,0.5202642636488012,41,0
177,1,48,42,23,0,20.999004583507507,0.14838155800805747,23,0
178,0,182,68,20,230,33.12693853772803,0.7321260667074005,33,0
179,0,122,48,8,7,30.40462137299963,0.6284945017380845,21,0
180,5,156,85,38,12,29.690318993755277,0.13662855032142185,38,0
181,2,129,73,49,108,43.61867971390824,0.3544356694084617,42,0
182,3,138,83,18,73,43.087136598742475,0.34434851777139164,35,1
183,2,112,28,20,48,33.742355524184305,0.6206509478611641,30,0
184,0,111,102,24,99,15.830819161664849,0.5371906512579767,21,0
185,8,117,50,34,113,43.20086365331084,0.37231219166917995,33,1
186,0,109,50,20,97,31.216864004475664,0.5376655062485365,21,0
187,6,199,66,27,329,39.46265762077709,0.9296741443097597,44,1
188,0,179,65,27,277,42.679755813960526,1.1000336672886177,38,1
189,4,121,82,54,111,30.64365365733071,0.7211378739807459,26,1
190,4,81,80,12,0,22.54735660820429,0.4604607834230665,23,0
191,3,180,56,11,112,23.297827764192313,0.7164203318762327,29,1
192,0,85,48,21,186,19.051162582200554,0.5815060231518928,26,0
193,3,83,82,23,84,26.72117180727512,0.922219021607998,29,1
194,1,68,58,46,0,23.329633676446676,0.4509002924727762,21,0
195,7,156,97,29,202,36.66192943282406,0.5375648102384952,60,1
196,2,141,57,22,42,24.003420058301817,0.2809279351127618,31,1
197,4,120,99,43,96,24.90414210880791,0.7228232917945943,43,1
198,3,121,72,18,120,32.10941942848118,0.6064851737438699,30,0
199,11,110,42,13,2,30.052182456847678,1.3461171657981017,26,0
200,2,120,38,47,242,25.174646892361118,0.4088757918332939,21,1
201,4,134,74,18,149,34.64333188409564,0.4244229071790626,33,1
202,0,112,48,39,143,36.80237456437579,0.513048159633044,21,0
203,0,135,85,12,0,25.42554326355465,0.9161030157402104,40,1
204,0,114,22,30,101,32.18422201380048,0.4772650854541399,32,0
205,7,113,84,16,41,41.637779303875206,1.0498699550722017,29,1
206,2,108,69,36,88,42.582859845682194,0.5265585278381547,24,1
207,5,141,89,53,166,39.54420173849081,0.5063210318457266,44,1
208,8,126,86,26,288,36.20229043416347,0.36252985110859987,44,0
209,3,74,85,32,0,40.43424314195751,0.078,21,0
210,5,140,88,1,16,23.52872862355089,0.7608298688239146,42,0
211,2,136,63,0,0,30.235665543188464,0.3806357264902276,36,1
212,0,149,106,36,282,36.98217983901033,0.6425855209660477,28,0
213,0,122,49,11,39,36.8527954168473,0.6829663236483322,25,0
214,1,113,79,16,38,34.593842979892564,1.389802817341567,31,1
215,3,81,80,12,162,26.169774472147022,0.4452303469188643,21,0
216,1,80,75,12,92,36.60765423172856,0.37725686033895617,37,0
217,4,103,26,24,29,27.91135389732954,0.39147842340192796,26,0
218,4,151,94,37,210,41.39612757448462,0.4298092993678613,30,0
219,5,140,73,40,370,31.502905722129405,0.586845901063891,38,0
220,2,93,73,11,49,46.05458969296909,0.8021089556060681,34,0
221,3,133,37,11,0,29.283609784996166,0.5042620069415632,23,1
222,9,103,93,23,87,36.037860963266596,0.6716670840393746,35,1
223,3,142,50,0,0,36.3964508641918,0.078,41,0
224,2,117,63,21,76,40.93773022798304,0.7858056407803342,21,1
225,0,146,49,29,69,28.82746013431737,1.1014182023475703,21,0
226,10,171,80,39,88,49.48793284861418,0.901561649422389,45,1
227,5,101,81,5,0,35.853655071091765,0.557907189083024,42,0
228,5,86,73,22,0,25.49894157214746,0.5948211323909126,21,0
229,0,81,55,9,0,26.876869160344306,0.5214148588995524,30,0
230,0,180,93,34,331,30.277695609063187,0.7644776454112694,35,0
231,2,132,76,25,129,41.08968133241205,0.7479959306821719,53,1
232,7,69,56,11,19,23.67528325508309,0.6120316817185953,49,0
233,10,83,48,16,150,30.71837140444163,0.6542217357723598,63,0
234,2,127,59,26,33,41.5952939611396,1.0316336903012724,22,1
235,9,150,65,33,133,36.975563416049575,0.45388322173824897,42,1
236,2,92,43,25,21,30.227110705482048,0.7230478905197827,21,0
237,4,134,116,53,181,39.99373723037242,0.4266289453539584,45,0
238,2,173,72,43,126,45.857628943923416,0.5083932240671951,21,1
239,4,168,68,11,161,30.061143389661495,0.45256156715870305,36,0
240,5,123,89,9,91,34.05402672874634,0.6732640248700618,49,0
241,6,155,69,18,73,42.06621637638034,0.5788380975716739,23,1
242,2,148,74,52,171,36.14079934123522,0.078,30,1
243,4,102,53,2,20,28.156291251013403,0.40700045127202794,32,0
244,1,147,66,4,75,24.015734776751508,0.7238873676699242,22,0
245,11,82,100,27,195,34.5459423415525,1.0572371516889774,28,0
246,6,143,75,20,0,20.057075944932137,0.078,34,0
247,5,100,46,0,95,25.632174665294865,0.13545780655284734,21,0
248,2,179,75,47,385,43.08976172335359,0.20867583722069388,29,1
249,0,107,84,12,72,28.471744491357835,0.6765358270184849,21,0
250,0,105,67,40,170,30.621783308543698,0.8012604458734139,30,0
251,2,123,82,20,17,33.13023260672696,0.3548723098709827,24,0
252,7,194,50,14,160,25.231120166577814,0.22533971456970459,54,1
253,6,67,107,8,15,25.543818299748366,0.8744522100101827,50,1
254,1,120,46,13,0,22.480176141039266,0.29103324911916784,21,0
255,2,187,54,10,52,24.09225602221345,0.20740490558435687,52,1
256,0,150,73,30,179,26.382420847005662,0.7419419268503415,22,0
257,7,113,27,3,7,34.02375306837,0.078,37,1
258,4,110,60,19,91,35.47428088313967,0.8353080635904546,34,0
259,3,99,122,45,75,37.08849926764654,0.47899745288543033,28,1
260,7,116,86,35,250,48.89887064035584,0.6941538533440037,37,0
261,1,168,69,31,94,36.904276211751835,0.5863668527265443,21,1
262,0,136,73,9,70,43.334675734383886,0.22438585483237705,30,1
263,3,72,49,31,0,27.703073045824755,0.42923793194068344,29,0
264,7,148,67,12,55,28.05758338346316,0.7166529731301584,41,1
265,3,133,92,29,122,31.191007662703612,0.15093882001613262,45,1
266,0,115,30,28,203,30.887882382793926,0.6977209363825079,32,0
267,7,125,96,10,192,36.06614692588347,0.45233006477171706,37,0
268,11,104,28,2,0,22.985339799462963,0.248818188948722,27,0
269,0,111,69,42,7,45.07232855015143,0.61421935207297,21,1
270,6,140,64,19,45,32.1367486815194,0.9356326426204621,46,1
271,8,102,57,6,13,14.971876042965626,0.8009371529138635,46,1
272,6,140,61,27,102,21.27993901956627,0.5783061336724529,51,0
273,1,103,93,25,0,34.786362770276966,0.8261463527438079,22,1
274,1,125,57,37,155,34.34474233875291,0.09128546140506877,21,1
275,8,115,88,0,0,36.91059590287602,0.48644356589442606,44,1
276,5,77,51,0,0,22.269132115763476,0.5334672756656699,34,0
277,3,86,67,31,0,40.75040590902394,0.49843003176482775,22,0
278,4,129,93,0,27,34.70763889542129,0.7140058778491916,36,0
279,5,143,88,34,182,33.16710593334694,0.6484380432178605,43,1
280,5,134,77,29,204,24.99438121892004,0.310746252655422,44,0
281,6,76,44,25,203,36.15042254903429,0.3690955456491947,27,0
282,2,97,50,25,20,30.883637173454904,0.28089400969313094,24,0
283,4,138,61,21,245,36.89969209872104,0.5951616693941623,29,1
284,9,160,83,17,0,31.14754884591583,0.3256237668178583,33,1
285,3,135,88,16,83,28.010298288894518,0.078,39,0
286,3,149,35,14,142,32.550343248886826,0.078,24,0
287,0,122,87,11,0,41.49915902061308,0.5767758556162932,21,1
288,11,92,76,7,0,26.733936722197974,0.5206147192636651,46,1
289,3,77,98,6,43,31.603401461385605,0.5914180983670376,52,0
290,1,168,68,27,238,38.41218121849632,0.8194312280495186,26,0
291,4,106,82,22,0,39.68490596249687,0.7833915888443723,23,1
292,0,92,82,37,169,35.464412471242134,0.6350049648033307,39,0
293,7,103,53,6,28,7.275337356002183,0.5590406256884014,42,0
294,8,123,73,12,0,33.07865682254471,0.078,46,0
295,1,140,62,18,147,21.406259788822368,0.078,37,1
296,2,158,93,11,96,31.51523139194585,0.22994134846671366,33,0
297,7,93,71,25,0,36.26937624597606,0.4848710776462577,44,0
298,3,97,69,18,129,36.024038293317574,0.7412665654015823,24,0
299,8,107,85,12,55,34.51641501047008,0.6330021178047456,51,1
300,5,154,84,35,77,24.849009437044515,0.17592121976523967,44,1
301,0,94,59,9,145,26.5698823680817,0.18239431576973747,31,0
302,3,142,63,20,108,28.038608212170505,1.132821174255584,38,0
303,1,133,76,15,242,28.908229667015682,0.9888111925784018,21,0
304,5,68,55,29,7,19.859682355842065,0.4799306686903411,21,0
305,6,112,61,31,151,34.93281416326671,0.330953523969583,51,0
306,3,156,35,14,157,38.211565573158346,0.5442013038964596,24,1
307,7,123,101,26,171,43.978964093466814,0.5999934406127037,50,1
308,2,113,82,12,0,27.73291363273068,0.4800734717434976,45,0
309,5,81,42,0,0,26.611176416669714,0.5495504731378725,25,0
310,14,155,88,26,11,37.20225893464231,0.8102766357395785,55,1
311,6,168,73,21,36,42.57141322342619,0.3315704930748176,27,0
312,12,126,74,40,74,19.968681325524166,0.41197472345556674,52,1
313,4,119,72,14,0,42.719286699531274,0.078,41,0
314,5,109,69,59,61,41.46727133528975,0.6475213434292035,31,0
315,7,150,80,26,171,36.735110078896135,0.9794467693113813,42,1
316,4,154,86,48,261,45.86052926504912,0.078,33,0
317,8,145,52,0,0,33.249671311155915,0.43876686720832675,45,1
318,7,80,65,19,0,14.378443840506165,0.44173575971868373,49,0
319,0,96,64,39,4,34.55065411539525,0.40431247116233393,22,1
320,1,80,63,20,87,20.163177704430446,0.7266358616462885,31,0
321,6,167,43,22,192,40.017756673854876,0.7502418085380127,39,1
322,0,81,35,6,135,40.48700400862785,1.1677308067835104,28,1
323,4,121,61,30,210,32.28371690441083,0.078,25,0
324,4,117,94,12,101,25.775098902105157,0.078,38,0
325,6,59,30,34,85,45.69903124031268,0.11971418121797361,38,0
326,6,152,67,0,53,19.067224605349125,0.1962857595002771,25,0
327,3,103,85,21,31,27.841067454985698,0.078,26,1
328,5,121,63,28,195,34.27315794703739,1.0391236532089676,36,1
329,2,123,65,19,77,22.471324945782094,0.10430260861178753,26,0
330,7,135,112,53,254,38.5975236600844,0.28979023791950226,55,1
331,3,96,85,47,215,36.762662868453106,0.078,34,0
332,5,97,69,39,95,40.05304808348553,0.078,38,0
333,9,147,90,0,54,23.423513259489855,0.22145820932424298,46,0
334,5,81,67,0,0,34.15480116778756,0.2133160443743316,34,1
335,4,97,60,25,148,25.535297975095673,0.078,21,1
336,5,84,76,6,37,16.607472308224715,0.6388814265931887,25,1
337,9,199,87,21,222,31.370365560536158,0.15547471789278655,57,1
338,7,138,74,0,0,25.978952142014847,0.3409106546561633,36,1
339,1,124,62,35,160,33.28182037560293,1.0541666391440434,36,0
340,2,116,122,31,193,33.785094553773774,0.5219271397988139,45,0
341,5,92,65,3,6,20.487733738181547,0.7625968756692638,44,1
342,6,135,46,0,89,27.908625697252557,0.752325593048831,21,1
343,2,96,110,33,51,30.349142655080676,0.4880159844405283,29,0
344,10,84,54,0,0,24.328253809004295,0.078,35,0
345,3,178,89,24,234,36.59449379932974,0.750697244813412,35,0
346,1,83,54,2,187,32.29287515945022,0.078,24,0
347,4,149,35,6,57,17.67312732047686,0.8118831862205828,24,1
348,3,128,82,35,149,26.857683684727245,0.1958062491526254,53,0
349,1,134,58,15,18,30.67275522598677,0.4275629539435214,32,0
350,0,156,79,28,156,32.80259770543312,1.5101877724234247,45,1
351,2,147,82,30,25,44.619548272407926,0.9335918510072256,21,0
352,7,45,86,24,119,33.66042857258885,0.7269875378052351,29,0
353,4,158,69,19,97,19.552814329832323,0.4249823743321454,35,1
354,4,118,80,14,51,31.457641167655446,0.4197347743832715,21,0
355,4,124,28,5,17,22.01041849032739,0.078,27,0
356,2,104,98,8,159,32.5587495427717,0.5168427861497535,40,0
357,0,126,85,23,72,19.14537063846017,0.9800089477953564,27,0
358,5,150,77,0,57,26.688090176835,0.2591488859179284,41,0
359,7,132,67,29,69,36.045301311841996,0.6983630598991476,42,1
360,0,127,53,33,296,28.721509068151434,1.0561608240055051,39,0
361,7,113,56,0,0,19.21729890175505,0.7256331039596975,45,0
362,4,155,92,37,103,29.408847879174676,0.6792656253797482,35,0
363,4,111,63,12,21,33.885154775479094,0.2724073925216115,31,0
364,1,111,59,35,16,38.07725040408209,0.9251843903934551,21,1
365,1,129,80,0,0,25.397765520018982,0.20520436302463918,38,0
366,0,103,105,4,0,37.348740690732306,0.6916841000115488,21,0
367,7,132,55,0,0,28.200490997484742,0.0977501350416341,34,0
368,0,132,80,33,106,43.88270623659494,0.30424611039899807,21,0
369,3,159,55,25,19,26.596703539425157,0.5950385615499751,23,0
370,0,96,114,36,34,47.98724837191566,0.39416773255442894,33,0
371,0,104,90,43,308,35.99247557823865,0.9095641684304625,28,0
372,3,160,59,24,119,47.34986636931524,0.7312869507079096,29,1
373,0,140,61,17,23,35.59014684706672,0.5285746210170869,31,0
374,3,106,65,23,104,38.1117015189384,0.1576273134765357,26,0
375,1,81,53,24,8,36.622002239517414,0.5207243390271681,21,0
376,5,180,55,11,131,23.31383619548709,0.8691045458663329,26,1
377,2,105,77,13,0,31.232782807305338,0.5029323986583738,21,0
378,3,93,66,47,234,30.36540645019168,0.6915582859240195,23,0
379,2,168,75,34,321,34.95275059788691,0.7382432334487264,32,1
380,2,44,35,8,0,27.21059435010899,0.5721024501941309,24,0
381,4,84,62,15,0,37.393837602851185,0.5212479161566198,21,0
382,0,96,23,0,0,17.57499410096935,0.078,31,0
383,2,113,61,0,0,29.055615708587055,0.8943473450155679,34,0
384,4,92,104,21,90,31.997780081131864,0.5402327031867517,23,1
385,6,107,75,23,164,37.210792425997084,0.27538819371746137,38,0
386,6,79,33,18,191,27.567826794215495,0.19412875249507255,29,1
387,4,95,85,0,0,26.565762602370068,0.078,28,0
388,1,150,69,12,241,28.90964488769236,0.38431187212104695,27,0
389,0,161,54,0,149,30.824284664159237,0.5837598212745455,23,0
390,7,181,116,45,233,46.366270751006,0.19578965101053625,40,1
391,0,146,64,11,82,34.685632046804166,0.078,31,1
392,3,173,37,16,133,30.744938908124457,0.2681634317977527,36,0
393,1,172,57,35,105,48.51684660247527,0.8820800965304445,29,1
394,7,119,40,0,0,14.405625339988529,0.10736804469321554,50,0
395,5,97,82,2,0,31.771524053404423,0.12632675757411432,44,0
396,3,65,45,0,26,23.05702036594584,0.6574745084702587,23,0
397,3,92,18,2,4,30.808858280704335,0.8277191386507936,23,1
398,5,98,42,21,135,23.520161192662712,0.18082972831308125,30,0
399,4,99,72,7,109,28.90756301418932,0.3118425984610276,32,0
400,5,117,79,47,206,35.71201044855373,0.9534196296903596,56,0
401,4,86,83,21,18,25.200053916669113,0.7324150262879534,28,0
402,7,156,42,0,54,27.355067285021466,0.627422985407018,36,0
403,3,143,75,0,0,21.690546991236122,0.7592241345087404,35,0
404,4,145,74,35,142,26.004707109210806,0.7106315172153241,45,0
405,5,76,94,25,39,24.426664540898063,0.4122625172699651,21,0
406,7,125,70,28,7,28.20473021561571,0.2614722775669287,39,0
407,8,164,71,27,146,23.06950666462675,0.7734639774497911,52,1
408,2,136,81,17,225,32.77076043667172,0.7097760098892358,36,1
409,10,133,102,11,0,34.01648901803324,0.5195330547064309,49,1
410,8,136,59,23,152,35.11594245094084,0.3596602822220952,51,1
411,9,122,48,13,0,30.584903265189208,0.078,49,0
412,3,126,89,68,179,49.506264380538425,0.7281855387227235,21,0
413,2,159,73,21,212,35.34193457852323,0.4922441314723821,34,1
414,2,103,66,30,188,27.761259124276876,0.4930301568190365,24,0
415,5,139,91,8,175,34.57437978451065,0.6586427075869048,33,1
416,10,133,75,41,167,31.96483541991336,0.5082429530593539,41,1
417,6,161,94,41,291,47.240525832276894,0.078,47,1
418,1,137,49,27,245,26.094220441297495,0.8392651035657934,21,0
419,4,130,67,20,234,28.924887628679926,0.2885475390304666,27,1
420,5,84,68,8,0,21.742134691943193,0.078,52,0
421,11,112,49,10,3,22.04155912133237,0.9338460451708698,26,0
422,0,79,64,15,0,33.199506027055634,0.078,30,0
423,4,131,68,25,114,28.00117724126079,0.4792548725031889,38,0
424,1,128,90,48,133,34.71339267242052,0.28064303343684993,40,0
425,0,55,44,10,0,20.438118702428767,0.8445998002252061,21,0
426,5,188,55,4,130,23.607791393889077,1.1216720973884844,53,0
427,2,109,94,19,174,23.82256546655615,0.9710007039517493,30,1
428,5,108,67,4,0,13.631147724496113,0.5767128674949713,21,0
429,7,132,48,5,112,16.657530030753506,0.20560797639928075,44,0
430,2,86,71,32,132,18.8524559548149,1.3162186876733257,22,0
431,4,133,60,0,0,30.697509066899013,0.7173163420563774,35,0
432,7,98,74,4,105,25.401456022132876,0.13423190409596292,33,0
433,4,98,93,40,57,37.63296734156526,0.11315428743580458,50,0
434,1,132,58,27,143,32.55087591773897,0.9352394999396381,23,0
435,1,165,77,26,277,40.80711000811195,0.3168644249993957,35,1
436,1,132,93,10,74,31.088595483299663,0.165887786486499,21,0
437,4,77,64,21,0,22.72282813929703,0.8778243397137597,21,0
438,2,112,80,7,26,20.109860991442403,0.19759658751548065,37,0
439,1,99,65,19,0,20.862066640003757,0.6712614453658315,30,0
440,4,118,101,8,0,45.608035012933414,0.7470364136821437,34,1
441,8,175,98,0,0,25.72835403684541,0.9339315622031289,28,1
442,3,179,66,13,154,25.6834485320729,0.078,24,1
443,2,194,38,0,58,30.637544020265295,0.14638430719586076,32,1
444,5,86,68,0,0,19.415080076089254,0.078,33,0
445,6,104,112,40,82,43.61106574018454,0.4374861154008135,33,1
446,5,85,50,4,0,18.65789410728224,0.18494618240996924,35,0
447,4,135,87,0,0,28.203654772987818,0.5582616918164327,44,0
448,4,167,32,25,0,26.936718627567817,0.9698765429463375,27,0
449,3,139,101,53,85,43.926330392651664,0.8056860088180857,33,1
450,1,77,69,39,0,46.37891142358896,0.44332268429459754,21,0
451,0,107,76,0,134,37.31025837486918,1.1593640840694663,21,0
452,3,88,52,21,0,34.758019603332784,0.42522086360038974,41,0
453,6,61,60,16,0,37.87893958609192,0.078,31,1
454,8,116,52,6,160,21.187349522282165,0.09925012969225422,36,1
455,7,105,53,14,125,32.72644322324745,0.19863859868431583,32,1
456,6,130,79,24,254,27.534295404759746,0.410457362436479,37,1
457,5,146,80,4,75,24.72112002449619,0.07829865193417807,24,0
458,0,147,94,26,86,35.58004832697816,0.5395678820229355,30,1
459,9,147,69,20,136,25.581997101884838,0.7228179277629716,41,1
460,6,128,41,16,103,23.403030295633364,0.078,26,0
461,1,137,56,35,221,39.29077907909963,0.965519164697251,38,1
462,4,174,89,30,321,28.646352988737853,0.5452414951874767,29,1
463,5,84,38,0,0,26.142856326181256,0.078,26,0
464,0,129,67,18,114,37.715218459291115,0.3843516633515532,21,1
465,6,117,87,23,194,25.74531795126271,0.078,47,0
466,5,59,73,0,0,15.08706558946383,0.078,38,0
467,5,141,59,35,207,31.48325397759342,0.7969372338206635,34,1
468,8,122,61,21,54,21.334617925193335,0.078,51,1
469,2,113,57,23,31,35.52812309410451,0.8422071878784627,23,1
470,4,125,30,19,124,32.550280860575974,0.42071444051958795,24,0
471,2,186,53,11,169,23.555808254671533,0.23761212009393068,35,0
472,0,152,52,32,297,38.85556380053723,0.2564145526598536,36,0
473,0,128,74,66,219,39.364155694675304,0.36532347312808894,27,1
474,0,138,49,17,152,31.95086739405308,0.5026094528294175,21,0
475,6,89,64,42,115,24.76355120012399,0.5284040924646836,42,0
476,2,103,84,25,84,29.674772510221622,0.6188605315434861,31,1
477,6,102,29,14,0,17.411263289597734,0.5162061856927759,35,0
478,4,160,87,31,172,37.46423131856316,0.9580036050852023,36,0
479,7,133,84,9,109,33.70922041630252,0.35999718626094734,29,1
480,3,145,79,38,182,38.63998004148301,0.46064510629704,40,1
481,5,101,61,13,41,2.326626330181643,0.46298551529625354,25,0
482,3,101,51,18,198,38.310518487178804,0.39334310854419435,21,0
483,8,97,47,9,16,21.235430286659035,0.078,32,0
484,6,83,64,24,0,25.51151036826949,0.3456962612181611,39,0
485,1,84,37,7,0,38.02973982517341,0.38363753255196864,33,0
486,0,88,80,33,35,35.31706904985431,0.5789246492252749,21,0
487,1,130,45,13,16,35.93435540611601,0.14103747659260685,32,0
488,1,106,49,13,105,32.334831262066565,0.6020513879872609,21,0
489,3,110,104,41,180,32.245421601477574,0.8119958963416887,32,0
490,5,117,84,40,165,38.84254874481527,0.5580190827750082,38,0
491,5,142,57,35,108,34.24227981458701,0.14244938674026858,41,0
492,7,179,40,25,33,32.89824225327019,0.3399624367181797,44,1
493,3,139,87,20,12,34.14589834273513,0.078,24,0
494,0,181,62,15,108,33.0645283373306,0.2205194175306308,31,1
495,0,159,52,46,243,37.16256167181479,0.6383081291019822,21,0
496,8,127,75,13,94,33.44464768524148,0.7378845542008523,33,1
497,8,105,92,47,270,40.778360554865614,0.078,35,0
498,7,151,85,30,242,45.885440763371754,0.8654776387520222,36,1
499,1,86,69,31,26,33.931240897988445,0.5776323271118393,22,1
500,6,141,91,38,39,52.00457744017308,0.443440297404213,45,1
501,4,111,47,28,180,9.214535772487874,0.6289019982295383,21,0
502,7,125,47,21,151,45.189242254132466,0.7214300382747033,38,1
503,7,147,59,9,19,34.62039017893659,0.078,56,0
504,1,44,67,29,115,29.990506894356074,0.4368592076672724,27,0
505,10,116,87,18,104,31.909213095857098,0.13343019541456036,25,0
506,4,146,51,0,66,29.940140714095833,0.5371142757746461,41,1
507,7,134,78,44,306,47.27117673523901,0.22898040939060574,29,0
508,1,122,77,25,108,37.300531733578055,0.39039226945789307,42,0
509,0,117,66,33,125,25.07050686834169,0.078,21,0
510,8,148,52,25,180,33.01302455040144,0.927197983060951,43,0
511,1,159,72,28,176,29.698599022673175,0.078,39,1
512,1,65,62,17,0,17.4686743955576,0.078,24,0
513,4,125,53,1,110,28.607186954302037,0.078,38,1
514,0,91,77,43,152,38.05889969181878,0.770890493306468,24,1
515,0,129,76,25,76,27.162208963116786,0.17900313824686415,32,0
516,2,164,79,14,73,24.5089249189959,0.9111218621034728,27,0
517,0,176,69,32,307,39.08331705868577,0.7047646976390876,21,1
518,7,166,93,13,144,34.642191847027284,0.8641643784081654,45,1
519,0,195,33,0,67,32.11326196152172,0.4043989879233856,34,1
520,2,158,62,32,302,36.12061192740406,0.6590799174384883,37,0
521,1,111,84,59,83,32.22642273367834,0.3101707966291365,21,0
522,4,92,57,45,141,49.23591855349425,0.4561259195950511,29,0
523,2,99,64,53,176,47.656803393890726,0.5667761558846932,30,1
524,0,161,65,18,160,30.710424868000437,0.2816142349682326,28,0
525,4,149,49,30,72,26.62742199382219,0.7461675619781275,29,0
526,3,107,75,32,137,36.918291940897475,1.0160789773028835,32,0
527,6,163,90,65,348,32.87206365185523,0.8132895334850007,38,0
528,3,158,66,43,251,38.069885619624216,0.3875597448665127,37,1
529,8,144,87,29,0,36.98856334961347,0.12318264002788687,51,0
530,0,97,59,25,83,25.20295347771592,0.078,21,0
531,0,109,73,1,0,23.791669432710037,0.23698889555890307,29,0
532,0,151,73,9,111,35.294729305175714,0.078,23,1
533,4,125,60,5,14,31.63839598403947,1.2024780269426538,31,0
534,4,160,68,15,47,29.679855665750058,0.30736919721827927,46,1
535,9,128,58,3,4,24.460166246973746,0.078,49,1
536,4,151,43,15,59,29.598415319983726,0.078,36,1
537,2,151,66,16,0,31.702677394473575,0.1990776227544655,36,1
538,5,113,65,53,240,35.82750691631408,0.7923825943157243,21,0
539,6,159,79,22,92,22.712766839059135,0.7259418140345071,35,1
540,1,147,92,62,317,30.295017448761527,0.24370826143766258,27,1
541,6,121,75,37,187,37.81114816626318,0.4317369931356615,41,1
542,8,115,70,0,0,22.10765581357402,0.49028157850099346,45,1
543,4,70,85,31,164,26.946711131321212,0.09860938932177571,48,0
544,1,136,39,25,64,22.149764446585813,0.6753412947017263,21,0
545,0,132,61,31,140,38.8743872888477,1.051514646911839,21,0
546,3,95,81,28,0,36.90405748254977,0.4455805328613839,24,0
547,0,144,88,19,0,34.50156752803897,0.3270140090548887,35,0
548,7,165,69,12,191,25.86351503833637,0.19788570815423995,50,0
549,11,83,95,35,118,35.68117619713952,0.41313753342378434,41,1
550,1,104,33,19,50,18.022445282979458,0.7721756226820784,30,0
551,6,152,55,51,340,50.57966193569554,1.003700072361797,21,1
552,0,197,54,36,99,34.502722261466104,0.6081405778171564,34,1
553,9,132,68,15,211,36.47142658179459,0.9666537443228427,44,0
554,7,106,84,17,106,30.559299564071654,0.4690181777006833,24,1
555,2,145,88,45,225,41.176598260817364,0.9236053813036496,21,0
556,4,109,46,16,126,34.461484568959904,0.44774107943486124,42,1
557,11,80,77,16,0,35.40708691284198,0.21135084271777616,49,0
558,8,105,61,13,135,26.36384285922663,0.078,27,0
559,5,98,34,0,0,28.762344013936072,0.078,54,0
560,6,77,82,5,35,24.10911835448592,0.078,41,0
561,10,110,84,11,0,33.16910529849871,0.36886967778485247,40,0
562,3,98,35,17,38,32.560973640495966,0.1735465640318577,28,0
563,4,102,60,19,0,29.532547955560428,0.47339238465066474,33,0
564,7,156,79,26,34,35.63739209017666,0.7693110132570007,29,1
565,6,105,64,26,0,32.78996730176965,0.5253496827615725,21,1
566,8,127,84,15,153,16.4745578119174,0.534033126794954,31,0
567,6,90,77,23,108,37.26336609999142,0.5068199396277805,42,0
568,0,148,82,25,165,30.931566238046173,0.48283856978419876,21,0
569,11,199,96,15,0,47.46882566558199,0.078,58,0
570,0,114,57,4,0,22.345415677416014,0.19390160150999664,21,1
571,2,77,52,20,209,29.79642243494975,1.1554733731687645,21,0
572,5,79,82,47,180,34.12768549670467,0.5020076972296075,32,0
573,3,144,98,33,258,36.855578919663095,0.8458038575928134,28,1
574,1,118,41,18,98,28.432389808117048,0.078,29,0
575,4,167,75,9,0,30.475801339512124,0.078,39,1
576,3,120,39,0,124,38.51195439017922,0.49434123380886347,46,0
577,7,122,72,0,208,43.514250433976706,0.1343046819588407,40,0
578,4,138,45,0,66,27.602629729874366,0.45065732269414854,27,0
579,2,124,36,0,0,25.082010651998687,0.6542323944655807,22,0
580,0,114,61,15,85,20.411867391284627,0.3411903267740814,27,1
581,0,86,74,11,53,21.688451365212845,0.27014989418065205,21,0
582,4,65,74,38,90,26.222321119498407,0.09965287381211313,44,0
583,3,115,87,48,180,37.96578471474215,0.31283334429956766,45,1
584,5,112,84,0,0,26.968668423421512,1.2386703818654294,42,0
585,0,129,68,11,90,27.550520335548086,0.3106307666301964,21,0
586,4,160,94,39,156,32.724097714708144,0.8293287910207092,37,1
587,4,108,30,1,0,25.609895663301064,0.21738314020595106,35,1
588,5,61,54,16,27,22.217018135008182,0.2542713434720234,21,0
589,4,142,80,42,168,40.111107369918464,0.5547171336271659,41,1
590,0,102,71,22,67,24.88176441736041,0.21136001432023,25,0
591,1,155,107,22,146,32.13819969651294,0.09922788568269875,31,1
592,2,159,112,74,494,32.92609241089301,0.4125564326551549,29,1
593,7,123,67,32,250,31.731017915995757,0.4154725754240005,47,0
594,2,54,63,24,24,33.245589317567934,0.769096118346137,21,0
595,6,83,122,44,175,46.22438427719081,0.437663850072071,40,0
596,5,111,98,14,0,43.654989205184165,0.6336154261630567,30,1
597,9,110,101,0,0,23.49086449769129,0.8628261872810381,49,1
598,4,98,50,18,0,23.342901127812823,1.0150373076456036,39,0
599,6,199,91,50,186,36.26837652430954,0.6625875673591991,41,1
600,8,152,76,0,0,25.241937852720636,0.49285728392065375,49,0
601,0,106,61,35,157,27.516010791801374,0.08738273110027539,21,0
602,2,115,82,38,144,23.584479791722526,0.13780133502294623,43,0
603,6,170,69,17,151,26.0985814330662,0.9619259429773285,31,1
604,9,158,72,17,198,21.92597093487204,0.49289092554043196,49,1
605,3,151,54,28,59,18.594121163610858,0.8622960410886161,49,1
606,6,129,84,31,263,22.007132905413922,0.49262267721789177,43,0
607,3,91,71,0,97,29.670855940991675,0.43793358800281124,33,0
608,2,158,56,15,204,33.46388116173787,0.416569828978183,32,0
609,0,128,73,38,309,40.75889112443685,0.9554702053912707,21,0
610,4,46,47,27,85,35.5134014489305,0.42379777648360517,21,0
611,3,199,91,28,296,46.15183648201663,0.3038872277364061,42,1
612,5,171,75,3,99,23.586212318944902,0.8527662332046995,31,1
613,2,107,90,33,137,45.85137917909094,1.3528169551033036,32,0
614,3,132,89,38,225,43.87837146855668,0.5578831196172497,28,1
615,4,138,39,3,49,32.95891107225057,0.7020554149720878,33,1
616,3,158,66,22,130,35.248284649950335,0.8494418078173891,30,1
617,1,117,71,31,47,35.401238723923825,0.32924404002217134,21,0
618,4,74,48,26,51,31.688591918855202,0.24749551267439535,23,0
619,7,136,94,8,21,18.024396451480158,0.10175756064494701,41,0
620,9,119,104,39,120,48.31788496465715,0.42390598539864843,50,1
621,3,48,64,21,0,20.99236422841957,0.4302266257877922,30,0
622,3,114,122,34,92,27.878847344804306,0.7313000288223608,30,0
623,9,79,84,20,0,30.955123330103266,0.4176959395407747,44,0
624,1,135,57,52,210,30.956056316144018,0.5142343254856364,32,0
625,8,121,107,38,245,41.52977822843131,0.35243116164689836,45,0
626,6,24,73,34,0,36.67318511246167,0.11035507650279858,31,0
627,3,136,62,13,241,18.555658556731288,0.36966238153625885,21,0
628,9,88,51,8,235,26.75873406295301,0.2809316617914942,49,0
629,0,74,78,38,101,26.59537705138945,0.078,30,0
630,7,118,76,43,85,36.101516563347666,0.3373835914110469,40,1
631,9,98,112,60,0,45.080263216659276,0.5410631648343652,37,1
632,2,147,73,16,149,23.67477454887997,0.5994805190695275,45,1
633,0,93,49,15,39,16.050903739254455,0.078,21,0
634,4,174,76,36,115,35.79702807319032,0.6211450593037406,43,0
635,2,126,80,25,8,36.63327207465896,0.9873774533477204,28,0
636,6,111,75,19,0,41.19234746896662,0.945771050831812,37,0
637,4,111,86,0,0,37.35737046520877,0.5775414953778415,28,0
638,5,193,79,11,149,33.446873586528504,0.4424017288868797,40,1
639,9,116,64,14,40,22.288052147482254,0.6388983403547475,43,0
640,3,124,65,45,122,29.233384856627403,1.1518902805514233,29,1
641,11,164,88,20,151,44.060727332775656,0.5962104819150305,45,0
642,11,95,97,22,25,27.35680752954845,0.644979649383482,61,1
643,10,75,78,7,0,31.400381982398663,0.078,41,0
644,0,114,61,0,226,26.48383285487034,0.11715282462610027,34,0
645,6,125,45,5,49,24.77153450760766,0.09327601217278342,43,0
646,2,136,83,29,129,35.33225222544849,0.7191360100439026,27,1
647,7,92,55,34,24,39.601447283542434,0.4070857026673531,30,0
648,0,154,87,42,93,41.19030558554356,0.5518585238144674,25,0
649,4,112,48,15,211,34.76184927127455,0.38982432401442196,21,0
650,3,155,60,14,70,38.77247347681991,0.3869021129942515,53,1
651,5,140,79,11,0,39.77862720662599,0.078,48,1
652,0,156,84,33,187,28.47461678093902,0.5926965463739761,22,0
653,6,124,70,9,55,27.92034927899575,0.3043795711992401,47,0
654,6,116,67,7,0,27.90425766918054,0.6615865990395831,50,0
655,10,76,87,15,8,29.568720512660033,0.165812447285816,35,0
656,10,141,91,28,167,39.08158855810082,0.2654481294497214,54,1
657,3,142,69,12,0,31.761441637622866,0.14011555920697832,41,0
658,6,79,92,17,0,38.89262262670397,0.19420841623444451,44,0
659,0,113,52,13,11,26.257159959215713,0.078,25,0
660,1,102,98,18,0,39.396516201982344,0.19349438679680359,37,0
661,3,101,68,20,70,22.88042841326868,0.4231109466109007,32,0
662,1,79,91,21,34,33.177859228335976,0.078,35,0
663,5,73,35,41,18,44.396779345965406,0.6829574070108424,33,1
664,7,108,53,0,0,7.190416071076736,0.28531939771553894,22,0
665,1,131,78,54,150,34.08713343173733,0.26010515934353584,21,0
666,1,87,27,34,181,30.01514166128419,0.45955661447123963,21,0
667,3,91,66,26,79,38.48938172405852,0.6921600921180435,21,0
668,2,139,60,0,82,26.4591719719752,0.49584189462841094,33,1
669,0,135,86,54,316,37.74313582911765,0.078,21,0
670,7,125,118,67,115,43.858737184479175,1.024960903115674,42,1
671,3,105,70,21,0,39.73859341549765,0.5240715187490955,21,1
672,0,119,62,39,250,35.45290256889345,0.9111611492098539,21,0
673,0,124,60,0,0,26.773296506428345,0.2379265486159271,21,0
674,5,157,81,0,0,25.525499884263773,0.9523151780761465,50,0
675,4,105,56,25,196,27.676283990021183,0.46399704281478554,32,0
676,2,100,66,37,0,33.4493026437246,0.13035326481640863,28,1
677,2,93,61,29,173,24.66901877310616,0.8248399321894875,24,0
678,0,69,44,2,106,11.686762706077829,0.078,21,0
679,6,160,90,53,174,36.86965231062742,0.6737480494568464,43,1
680,0,125,63,32,0,38.20269204498057,0.9268262604308174,21,1
681,1,161,72,16,312,37.62307026857559,0.6558143479610434,39,0
682,5,34,64,0,0,39.161972254774284,0.19045525616353864,22,0
683,3,136,82,38,81,43.833155843998334,0.19518084966622912,24,1
684,8,137,42,7,273,31.89708159192068,1.0237037116702385,42,1
685,6,111,47,19,253,36.22626330480236,0.7783794799313362,40,0
686,5,129,51,20,139,25.721866380778735,0.4229150206359158,30,1
687,10,119,51,28,71,29.637202170375406,0.5871027935807395,49,1
688,10,109,86,0,0,17.16923939380807,0.078,44,0
689,3,130,86,42,108,39.219247092789075,0.22826318084690672,32,0
690,6,112,84,20,108,36.786700947343505,0.6710592712687946,43,0
691,0,128,24,9,200,35.093947792752935,0.7331184915320863,21,0
692,8,152,41,44,214,46.440464024248136,0.08456203754597114,28,0
693,7,121,63,14,20,28.511785817205194,0.24901728551030033,49,0
694,8,79,102,0,36,30.451571544001318,0.7944121658336991,44,0
695,3,149,53,18,104,31.35976713666002,0.39383219916812373,22,0
696,7,156,77,25,229,21.281390835105363,0.17500166918049742,48,1
697,6,99,95,42,108,40.32321150765039,0.9598960641307364,28,1
698,0,118,79,52,209,25.389792336838603,0.1188433593406032,26,0
699,0,148,10,33,137,29.204230156476722,0.7345993254682106,24,1
700,0,104,84,4,0,34.05491937072055,0.1328267666845625,37,0
701,0,154,69,13,0,33.62242077180103,0.10512363834202854,37,0
702,2,116,56,22,107,29.60392373510512,0.6551735712598492,37,1
703,1,86,50,47,41,33.180927965406994,0.7104471177226706,21,0
704,5,142,74,13,0,28.63048265557261,0.078,39,1
705,3,97,45,13,32,36.32552282493011,0.6294870432623093,22,1
706,5,176,68,55,232,31.76820180659047,0.954472621296202,46,1
707,3,113,48,30,3,36.25191494494972,0.12953966242777826,21,0
708,5,136,66,6,219,7.198988238369299,0.6929512031176562,41,0
709,6,114,73,11,35,19.483214084508163,0.23516619461651658,45,1
710,0,92,94,26,202,27.53995658278258,0.26010045430024814,21,0
711,9,138,79,0,0,20.814505928187415,0.24412948592130507,52,0
712,1,115,63,0,117,24.048823094612818,0.078,21,1
713,0,97,79,24,53,34.00860855197403,0.9234119531610607,21,1
714,4,123,75,23,84,27.878244174128547,0.5252197051683765,29,1
715,3,75,63,34,38,21.15502001567364,0.10774844287941215,22,0
716,1,65,83,14,0,36.990051357666836,0.5152980957041647,45,0
717,1,73,58,8,0,36.638331760502815,0.078,23,0
718,4,95,88,17,0,17.257093726577178,0.078,34,0
719,2,132,52,18,94,26.853838329323782,0.2034662118297761,31,0
720,3,112,56,3,44,24.842883091392657,0.2854392563334842,21,1
721,6,100,81,52,346,41.201660791519906,0.078,33,0
722,8,135,70,10,75,13.704635530045131,0.3263051324681354,43,0
723,5,153,70,11,0,10.559525673043016,0.7453439649630947,49,0
724,1,106,67,6,48,29.828450159571986,0.4130068949800938,28,0
725,0,151,83,24,163,30.299717755713697,0.6373049902092471,22,1
726,3,104,51,0,0,31.08929406377047,0.23903270318809436,35,0
727,0,131,71,45,164,31.28916497469455,0.482819628303585,36,1
728,8,104,64,27,115,30.186597714646954,0.688367162254204,33,0
729,0,93,73,16,19,32.30654625894992,0.9541683913058818,21,0
730,2,87,19,1,141,9.442566545468242,0.6830822188118255,36,0
731,0,117,83,0,0,12.946199154933439,0.07912170400565,21,0
732,7,93,77,18,0,32.68607696739277,0.5408222339855153,34,0
733,6,80,77,14,0,29.43881005201641,0.09144499833268094,49,0
734,0,90,52,21,98,33.14713188321194,0.1737211419735148,29,0
735,4,117,52,0,16,19.243208338080734,0.078,25,0
736,1,72,83,30,116,27.488987114357133,0.4702349863877639,22,0
737,11,172,68,27,159,35.80944714515449,0.31566575936972296,32,1
738,5,154,76,41,239,26.490724500359182,0.17230677637260788,41,1
739,5,173,58,34,181,26.48264229980576,0.4160048990223208,45,1
740,5,129,81,21,197,37.21936356988231,0.45804953330344345,35,0
741,4,179,67,5,252,29.81886768299967,0.6391203720660462,45,0
742,5,127,70,16,17,22.988139276368095,0.9019028497177328,21,1
743,3,82,83,25,83,36.14857842305956,0.7409649704948411,21,0
744,4,132,107,12,0,34.588994212910634,0.5077909188259424,37,1
745,5,119,52,21,82,29.049829271701455,0.36995004416997673,40,0
746,7,89,74,0,0,26.183954983995058,0.7882028310023224,41,1
747,3,105,78,34,208,28.92512143214819,0.4417175060497432,44,0
748,7,160,40,0,103,21.971282386228005,0.3580569015088332,28,0
749,2,155,75,36,130,37.22751074927275,0.4656095652724417,27,0
750,4,105,102,48,429,42.92966443676415,0.5113099275822982,48,0
751,5,93,78,26,0,22.291531704325045,0.54747897716857,31,0
752,4,115,90,27,135,28.428047207796716,0.19711210313927718,42,0
753,9,94,100,18,0,42.70910624868454,0.078,40,0
754,1,97,19,24,0,31.77468161902783,0.20234931110918147,24,0
755,9,134,77,0,204,35.46877495512613,0.6362530646979387,43,1
756,0,70,47,31,105,39.91052234827146,0.078,21,0
757,4,100,90,34,43,24.35709085970385,0.3689795250286384,40,0
758,7,160,57,4,110,32.04374835201347,0.078,25,0
759,3,114,16,15,93,21.70365824975372,0.3081157880521097,36,0
760,0,168,65,42,249,40.66800392446184,0.7102980142931032,21,1
761,1,117,79,66,302,32.98404260162861,0.27313425648247297,21,0
762,1,91,82,46,37,41.33143332575491,0.46011399281382126,21,1
763,3,89,30,16,2,27.926508960932097,0.4346419768186383,33,0
764,9,145,111,30,183,33.09277715642585,0.5390871129799342,45,0
765,3,143,109,2,28,35.2304708223916,0.1772990494151211,39,1
766,5,113,96,18,63,37.02367384707896,0.5235220019281482,37,0
767,0,109,25,20,147,19.15346000669217,0.4994264309461599,21,1
768,8,176,110,35,122,28.22500744439219,0.5827245963731176,49,1
769,0,124,58,40,0,34.23555133006881,0.6347604170507637,21,0
770,0,97,47,52,66,29.006866706183768,0.24246687833557726,21,0
771,0,50,47,0,34,17.62467541342525,0.078,22,0
772,0,157,78,23,285,29.760175406976472,0.9522540755159974,31,0
773,0,128,55,38,57,34.78584175908199,0.2209942100407109,21,0
774,8,114,43,23,4,26.65182247222403,0.4711053943385952,39,1
775,6,131,45,0,23,14.204706941223751,0.4095912292146138,65,0
776,3,151,54,0,0,33.02793212155272,0.28899165512836866,48,1
777,1,115,45,20,97,27.77727343991232,0.6359379957288886,35,0
778,3,138,102,43,310,39.12962194348189,0.2686185265353763,29,0
779,5,97,88,8,0,32.329576470468226,0.8743387806520824,33,1
780,0,118,52,3,0,28.02466109049219,0.30691677604285017,21,0
781,0,100,20,9,0,22.134860369763526,0.078,25,0
782,0,128,81,20,134,24.06224435961218,0.712415418899787,21,0
783,2,139,58,23,153,42.333314599172894,0.5395691358130867,21,0
784,2,112,83,29,0,44.86766787852025,0.09799372070939277,32,0
785,6,175,57,4,164,22.483978559211934,0.7278610735749022,47,1
786,7,182,74,14,0,38.301788090978555,0.6547414462828076,42,1
787,1,62,66,26,37,20.961044130046457,0.7150909329638039,22,0
788,5,91,42,12,0,31.454891313592206,0.078,32,1
789,8,116,65,0,0,29.364803914057113,0.5510988578753949,38,0
790,4,130,58,20,50,42.943539591014314,0.293749610522426,33,0
791,1,137,78,4,0,26.82577839121893,0.4707035811039006,26,1
792,0,134,66,14,139,42.902238905469474,0.3929880218615647,24,0
793,9,160,95,5,0,21.483584319179155,1.0027560074917217,46,0
794,5,120,72,28,0,32.338965451235204,0.47084532950459984,42,0
795,10,136,37,22,102,18.827874609858522,0.4988590931847095,36,1
796,5,88,86,35,94,22.532998405232377,0.221862237134215,28,0
797,1,65,27,0,57,23.559959315271183,0.6628992563097855,21,0
798,4,69,65,45,109,33.675696234075346,0.5415457493360898,28,1
799,5,118,76,40,165,30.28958517859252,0.6912203152054288,35,0
800,6,112,55,44,81,42.923817603877346,0.28184540761101745,26,1
801,3,95,46,0,0,21.338711591859344,0.18472270668212382,66,0
802,11,85,89,0,52,22.756672965477883,0.078,46,0
803,0,106,57,0,0,33.00686915185891,0.078,21,0
804,5,185,78,13,189,40.98906922498868,0.690907697476684,45,1
805,6,124,50,33,121,14.817767598900257,0.44641700614657437,36,1
806,0,145,46,17,76,26.203049976439335,0.14482548983539711,21,0
807,7,172,104,24,195,50.83035082450146,0.7239080827283519,45,1
808,4,86,52,0,112,13.64583864167578,0.30544834897548356,33,0
809,3,128,112,29,219,21.4951878108941,0.07829125114005836,46,0
810,2,131,64,36,46,40.79825432626969,0.35220702473348486,30,1
811,0,134,80,12,91,26.79535099663473,0.2234076553807941,33,0
812,3,134,76,28,102,38.676788037857726,0.8761761913613461,32,1
813,0,159,105,40,243,51.856836786050465,0.09570948327315293,36,1
814,0,139,102,25,76,33.03493767263036,0.09551569096088741,32,0
815,10,145,65,20,95,38.86500596053875,0.11419850589471087,56,0
816,4,96,83,27,46,26.850382063215207,0.22699768454099048,23,0
817,2,93,43,3,146,29.682089650688724,0.6027577933613985,36,0
818,4,120,82,42,211,54.6771244719697,0.7437967391981631,44,1
819,7,146,67,9,126,24.370129354587355,0.690030589557133,33,1
820,0,58,57,30,264,34.285134298426755,0.7328482412162076,21,0
821,5,175,86,26,121,23.425516528128465,0.13299080386132972,45,1
822,1,116,89,0,74,26.198483095720988,0.078,30,0
823,4,111,100,0,0,18.893309423651704,0.14783333417342687,43,0
824,4,64,24,0,0,23.36992795130719,0.078,21,0
825,10,133,49,40,163,40.150827969492475,0.078,56,0
826,3,123,102,63,301,33.959200323001234,1.27177593332384,32,0
827,5,162,68,25,116,32.99393477804289,0.9964663127515709,46,1
828,1,109,61,0,233,15.181807131417703,0.16227208102860385,21,0
829,2,170,81,17,159,34.70689898515149,1.247604327715348,39,1
830,6,111,80,40,73,53.64165373810844,0.26707929275342795,32,0
831,2,115,19,26,205,32.13591611443454,0.961284910638712,32,0
832,2,64,48,30,234,22.349319129649345,0.3685900232221684,21,0
833,6,124,85,23,0,34.6013101663111,0.6643848128637698,53,0
834,2,95,49,25,19,40.96981161918864,0.1610869242089144,32,0
835,0,114,54,21,129,31.29997517014241,0.078,21,0
836,2,106,78,13,50,29.623670491343574,0.730559064043547,37,0
837,0,131,68,1,21,37.94193873437278,0.078,21,0
838,4,173,64,17,0,13.21194723888529,0.15191400253109927,41,1
839,3,114,74,17,28,25.321112712941453,1.0932267151348238,25,0
840,6,166,64,32,250,39.89262283712782,0.5623197536434739,31,0
841,7,77,94,16,2,39.71100786183575,0.29471969907930223,45,0
842,0,141,67,0,36,31.121736281734258,0.6886306213603021,32,1
843,1,103,60,15,78,24.96118301201208,0.576693546888916,21,0
844,3,138,53,23,217,40.91646188286913,0.6880165994656483,30,0
845,5,126,62,0,0,34.18861588894624,1.1033167890706557,36,0
846,2,118,87,38,62,30.030175225069623,0.078,31,0
847,8,130,56,26,194,27.7646661755165,0.078,59,0
848,10,136,44,31,363,31.553749647353886,0.7637810627635091,41,1
849,7,141,58,22,287,24.965740611357745,0.7462310833179998,46,0
850,0,103,74,25,156,18.986729150973755,0.14555101860196418,21,0
851,6,129,85,26,0,22.34278479988028,0.078,49,0
852,3,153,78,25,192,37.62498323451029,0.078,21,1
853,3,199,97,24,204,41.40080419971293,0.8956148782761422,44,1
854,8,151,61,2,114,24.834072332305208,0.4775164955647525,35,1
855,5,135,90,28,139,32.96259976555445,0.22641268668163617,28,0
856,9,127,75,14,36,18.335214599562185,0.13908263053858272,45,0
857,3,127,40,14,45,26.74985085982008,0.12272000407479267,21,0
858,3,98,63,26,10,41.5988016225719,0.078,34,1
859,10,135,57,4,106,43.38126823616095,0.22873194980813252,31,1
860,11,158,99,16,31,27.4780406850959,0.26813443897638806,59,0
861,0,69,94,31,0,24.549822645237075,0.5801772361965054,27,0
862,7,136,76,30,0,41.90697218234378,0.6854168943380966,21,0
863,3,132,63,13,140,34.58722490226231,0.48839525067547584,33,0
864,3,129,78,0,28,16.537123688982177,0.7367129144111685,45,0
865,6,111,66,19,125,18.512762987994336,0.5229965737084309,31,0
866,7,162,83,13,141,39.471377267331064,0.3428852450964384,47,1
867,6,109,83,30,124,34.07835094543708,0.6777254579680122,42,0
868,4,101,51,0,0,16.961272869438073,0.25408581149155945,21,1
869,9,138,85,33,130,47.29419273677118,0.7195932302188581,45,1
870,3,161,43,3,20,24.055525616771785,0.11897517197801943,44,1
871,0,104,47,26,163,31.15647443286934,0.8411580377583872,25,0
872,10,100,100,14,0,37.45412019281758,0.7127271457563101,67,1
873,4,130,51,10,0,31.55315755203581,0.16782472929491454,43,1
874,4,137,78,17,50,23.222955218691844,0.19969912428197434,38,0
875,5,106,72,56,118,41.20779693014257,0.4370087962587332,27,0
876,7,109,84,0,0,28.732951460945632,0.30301465979751807,37,1
877,9,152,52,15,1,33.41942177805875,0.5480737380919468,42,0
878,2,98,68,8,61,27.774192184200587,0.078,26,1
879,5,124,91,5,16,32.36405774785237,0.2734789315816988,35,0
880,3,118,81,37,204,37.17009154185879,0.6633105675428153,21,0
881,4,131,53,10,84,31.923316468401193,0.8943546853698814,41,1
882,7,71,50,7,0,37.58155777443015,0.5085579421003925,43,0
883,0,113,71,7,288,23.29380219356326,0.9168003039184709,37,0
884,3,114,84,32,0,42.25025318892587,0.1342582519021967,21,0
885,5,86,62,5,83,28.520388215460187,0.6970347838677129,34,0
886,7,129,58,1,0,31.350755156104533,0.5626050254301294,28,0
887,10,164,87,5,162,29.37580101405367,0.6597621252599422,57,0
888,0,140,56,26,344,34.95146774732822,0.6758746176948455,40,1
889,2,129,122,60,320,39.769602139376914,0.48357293145727975,29,1
890,3,86,56,16,0,30.687477792501344,0.31112393733019283,21,0
891,6,73,79,10,0,36.07674016166102,0.7859425690347128,51,0
892,3,133,77,35,122,24.485488535986708,0.37633643218685336,45,0
893,7,123,69,30,0,25.400950557078907,0.22362458031264598,38,1
894,5,147,101,18,0,46.68052098466394,0.45680968830977753,53,1
895,5,77,100,30,0,41.34460099312041,1.0543376653912748,35,1
896,6,106,50,0,0,32.38576037811201,0.5359383631024834,42,0
897,1,146,64,24,209,36.44920485426408,0.3578194781767146,22,1
898,6,94,77,60,142,32.94209165604383,0.8028418723036495,34,0
899,5,123,56,1,10,27.46261475620622,0.078,47,0
900,8,136,112,16,92,27.722053287881895,0.5727543654106529,64,0
901,2,116,46,18,103,25.8228609690194,0.09117538885219867,28,0
902,12,90,86,11,0,25.940831847424214,0.5832537759722972,48,0
903,0,143,39,0,7,21.321245367603296,0.7759066227125502,29,0
904,0,134,63,25,125,27.8009129207101,0.6387978411695076,27,0
905,1,123,74,71,24,32.126012032238634,0.078,33,1
906,3,141,49,0,102,36.269877778262355,0.24946066935178296,30,0
907,2,123,91,38,126,32.74320162374782,0.6841695048346992,42,0
908,0,120,75,4,39,29.22493613060457,0.7356760318651625,25,0
909,4,147,71,0,0,38.99971344433773,0.13632597197705043,40,1
910,5,138,67,38,291,53.11474929190793,1.0998476986010557,36,1
911,3,54,54,10,42,21.533071935772266,0.7822155253690465,21,0
912,0,83,72,25,275,21.806970085275985,0.9004254652121473,21,0
913,6,98,72,15,42,32.88233074180427,0.3625642782200144,27,1
914,1,131,50,32,205,39.05048656734516,0.37320180925616425,29,1
915,4,121,66,33,291,38.12403561463006,1.0075719291707699,25,0
916,7,67,64,28,109,17.9940201053628,0.9687810244938415,23,0
917,6,90,40,10,127,31.305003584180476,0.39023569362211036,25,1
918,3,75,79,15,57,11.347274210129896,0.078,26,0
919,0,105,45,9,34,21.79212738458162,0.5768082855298611,21,0
920,4,91,69,28,64,30.791300070497403,0.2797726502269582,24,1
921,4,57,64,0,0,9.221006980427035,0.3137400379341475,30,0
922,6,92,72,31,131,49.055692737654624,0.5038580956713062,30,0
923,9,156,25,16,249,31.25514894266785,0.078,43,1
924,3,117,79,3,0,37.7511844021492,0.078,49,0
925,4,64,74,34,66,22.257602412558356,0.7722481087442111,26,0
926,5,99,84,40,0,32.121815182641654,0.9100976040112618,22,0
927,5,78,50,2,0,26.802435516481165,0.31123232649812327,25,0
928,9,126,73,17,0,35.615974922923115,0.078,44,1
929,2,120,78,9,127,25.86968623011265,0.3612153685797087,42,1
930,8,117,79,0,52,21.209504190251934,0.078,52,0
931,2,112,69,8,0,23.75325379947263,0.16129350754629734,40,0
932,9,161,66,15,41,29.115777875409535,0.8005587188596276,41,1
933,1,85,83,18,89,35.117078303408825,0.6495256753897449,21,0
934,0,27,24,40,314,33.5884129176937,0.637233329815599,21,0
935,3,138,94,12,0,39.04124774609206,0.8216538150099275,35,1
936,11,124,65,40,372,32.15517841268285,1.4335051080010988,44,1
937,10,122,85,8,43,31.07298389400554,1.1197829109439592,48,0
938,5,151,74,2,108,27.049039598953225,0.17799418635566022,29,1
939,4,98,82,20,11,31.31740625752022,0.6465678267049166,21,0
940,9,90,79,3,0,31.96316457282338,0.5486866819288775,38,0
941,6,97,65,27,26,24.43088153201711,0.17847943169880992,40,1
942,6,119,33,8,11,31.265562495365188,0.6672609553974417,40,1
943,4,95,87,25,177,41.001937122333025,0.8006930974085138,35,0
944,5,91,69,9,33,38.06597254094486,0.078,48,0
945,7,93,60,4,39,32.82304118838258,0.078,43,0
946,6,135,49,22,55,35.43543101773106,0.5403585548360096,42,1
947,4,140,40,3,19,28.524304213952924,0.7578740897482759,26,0
948,5,105,63,27,103,29.567598428006594,0.8903990043612088,30,1
949,8,118,77,11,87,33.68667752770399,0.5908488950464953,34,0
950,2,147,78,0,0,21.291658520593252,0.6763268529353018,40,0
951,8,140,76,10,12,17.99564412246481,0.078,43,0
952,8,113,59,0,0,27.905115095232617,0.48782114429354745,24,0
953,4,132,60,2,71,35.92450565938574,0.4788964860962107,33,0
954,8,135,61,54,191,42.571211318594706,0.30199625241155303,24,0
955,0,128,81,24,255,24.996288578243213,0.5056170911308668,22,0
956,6,118,88,17,9,26.948353815251735,0.47340076969449807,21,0
957,0,111,75,18,0,27.77899521601535,0.27218818263881817,33,0
958,1,116,31,0,127,19.263306241228207,0.6275022608327661,48,0
959,0,151,79,27,259,35.910451335937054,0.5628791242360095,47,0
960,5,99,86,57,259,44.01966081261553,0.08761426109566212,34,1
961,1,128,79,25,190,29.68469349546754,0.5402599257987524,37,0
962,3,130,116,34,24,43.58231418928679,0.891173603210461,27,0
963,4,149,71,34,225,37.09660871687176,0.8816078543082927,31,1
964,0,146,32,15,2,33.41451790580194,0.649780281986363,22,0
965,10,155,61,38,108,28.209253327074556,1.1745151570997094,45,1
966,11,151,102,17,231,38.87798313391898,0.8503079327293688,42,1
967,3,142,75,35,182,34.55228991807265,0.42594303463468447,23,1
968,4,106,81,26,0,41.81302588839717,0.9030951148292757,34,1
969,9,109,56,28,118,29.05099300916923,0.41998959860770246,47,0
970,3,80,89,32,0,39.03860700983211,0.21583053264608354,25,0
971,8,109,53,15,26,45.53468366952026,0.3381520339351501,39,1
972,6,185,79,3,82,24.90514900872434,0.8113506879385598,37,0
973,3,157,66,29,261,24.187709695052618,0.4223717978521684,30,0
974,6,199,73,29,251,36.17050149949534,1.0839392545609527,45,1
975,12,96,41,0,0,28.049613347661552,0.08838532188810633,42,1
976,3,119,71,31,166,35.10463903296831,0.6798322456954536,37,0
977,5,150,51,1,57,22.796669527839825,0.078,38,0
978,10,90,71,5,0,32.467524619996254,0.4825712224052095,46,0
979,1,112,64,15,105,21.166864276450415,0.8156693535259083,24,0
980,7,125,77,22,0,25.37394276652789,0.12383298309998692,45,0
981,0,168,88,18,89,47.79500894055333,0.078,21,1
982,1,57,80,65,326,40.84829954285601,0.3610308418933759,21,0
983,0,106,54,16,184,31.413406408991868,0.4628345720675422,24,0
984,3,184,122,37,253,46.524011819254696,1.6005997077089296,47,1
985,2,81,75,10,0,32.5090613982838,0.078,31,0
986,6,159,98,28,181,42.651544195691244,1.0910834781984606,34,0
987,0,90,89,19,208,30.20418509967008,0.23454602608057618,34,0
988,9,156,85,19,20,37.5721623455309,0.2764512259467862,63,1
989,1,107,82,19,81,31.984161077037772,0.3820537226988045,42,0
990,0,103,47,14,24,25.554534632252622,0.4612233900141645,21,0
991,1,117,30,7,142,31.42049841917944,0.6246496978662339,25,0
992,7,150,95,39,170,33.373422560860476,0.684072946697452,58,0
993,0,103,100,0,0,27.215641360452274,0.5150578953252872,34,0
994,6,153,39,15,137,31.19076755842411,0.12276344596277383,40,0
995,1,131,40,34,247,34.07753774022233,0.7457158561735298,30,1
996,6,162,35,33,173,35.63475601568284,0.078,38,0
997,4,87,66,27,141,20.538039102615357,0.5811740637329247,36,0
998,7,158,85,45,140,33.49965089622856,0.5837930640174246,34,1
999,8,105,64,35,207,28.58550803324765,0.2818258748156114,34,1
